686 APPENDIX PRIMA

613; y 11331316316 muy 6510163οο 63 13 Ρ35103 06 X.⁰ por 135
1131311135 06 105 Ρ30165, 363110 511 11103 muy bien, dando gran
60111636103 06 51 3 135 gentes, y no 11161105 105 Ρ30165, 0116 tan
bien 16 3111031133 3 113065661, 6011163103 3 10005.

Α51 1365130 30 06110 631131 6510 0116 65113310 3 1111161105 y con-
firmo 3 01105 63 511 religion. Fue vn sacerdote 0116 11010116 10
66113563 06 6353 30 0116113 06211· 31153, 31 3163131 1101· 10 0116 16
313303113 61 Ρ. Ε66101, 31 0116065661; 61 qual, segregado de 13
6013113313, 30 111116 06 105 110105, informando 1331 3 algun hom-
1116 00610 06105 0116 61 6035111115, 16313 11313 51 561 ya desobli-
gado 06105 110105ς y como 613 163100 63 6111116010 63 alguna
6116313 06 quando 6513113 63 6353, 053113 031 1360113610365,
61161616105, 60356105, y 013 60316510365, y 11321356 113016 spiri-
11131 06 311161105, y auia 6131113οο 13 31 Ν113610 11313 0116 16 (11656
110061· 11313 113261 56136133165 60535, quando 5311113316316 16
10313 vn dolor 611 511 11615033ρ513 110061 1131131 105 1151605 631153
alguna sino 5010 61 1611101013116310 (161 311113. Ρο53113 63 vna
6353 1101116, y 616561630013 63161136030, 1116 3656653110 116113110
31 05111131, y 33165 0116 3113 10 11633563, 1116 31165110 Ρ. Rector 3
116116 y rogarle 0116 11131656 3 6353 11313 6111311οῑ 316305111661016
135 1131311135, y 1651103010 0116 1116101 56 61113113 61 11165130 3 51
0116 30 30501105. 016300 13165 1131311135 31165110 Ρ. Rector, mo-
11100 6351603 spiritu 06 Dios, 16 01Χο 0116 11111356 1101 10 0116
31113 1166110, 0116 Dios 10 31113 (16 castigar3 y 6510 31151 como 10
061335 31611051116610; y 11611300 31 1105111131, luego 06 3111 3 11305
01133105 0135, 1116ςο 56 16 11136110 61 1116 1201116100, y 300165610
11135 ἕ13116136316; 131110, 0116 116353103 0116 1111111613. Ε3103665
61Ρ. Ν303106501111ςό16 06105 110105, 31011100 06 1116030, 51 06
30116113 31113 06 1110111; 11135 51 60333165616556, 0116 01160356 01111-
gado como 33165; y 61 11630110 111056 (16510, 0330056 3 63163-
061 0116 6513113 06531300 06 105 110105. La 1113611301113 (161 1116 06
(113 611 (113 y 06 11013 63 11013 6165613; 11135 61 0600 pulgar (13-
3056 131110, 0116 1101 603561336103 061 1116 1116 3656653110 601-
13110, y 6011300 110 56 monio. Quiso 31165110 561101, 11010116 30
56 1111111656 61 311113, 6351103110 mas: 63663016101156 63 fuego
01105 005 (16005 061 1116 y 1116103 60113005. 1365111165 6366301056
611116 63 1116200, y 01610316 9 6311161105 06 fuego, y 6011310316
1111161135 1131165 061 1116; y 1611116300 0116 61 fuego 301163356 063-
110 63 135 63113335, 3315310316 0116 56 015113516556 11313 morit.

