706 ’ APPENDIX PRIMA ’

Νο501105 1163311105, 61131155111105 116111131105, 3 6513 6111333 36
Ε11135 31 0110 313 que 36 357 0311111105, 3 301136 fuimos 166601-
dos 6011 mucha alegria y 603501361011 36 1030 6516 0116010, 57
111310111161116 ’36 1111651105 6031155111105 36110105, 105 3113165 6011 511
feruor (como 5110161011 3116 3171311105 36 venir 61 313 36 311165)
1105 53116101] 3 1666011 31 631111110, 3 301136 6511111161011 103313
13136 33331333301105, 113513 3116 13 36560033305 56 00111161011
0313 6353. Fu& 131113 511 6011501361011 1116110 31 0110 313, quando*
nos 17161011, 3116 [1161011 luego 3 06311 310156135 ¹ 3 5115 amig033 57
31151 61105 6011 110501105, 110501105 6011 61105, 10305 1105 60115013-
11105 611 61 561101. Η311311105 1311101611 13 6111333 pacifica, 06113110
13105, 5111 1111305 ningunos: y 311113116 611 13 3611061011 36 135 6011-
165101165 algunos 3111311 16110663130, 61110610 3116331011 1111161105,
105 (1113165 001 13 0011333 36 13105 511516111311 13 33311623 delos
01105, y 061561161311 6011 11111603 3611061011 611 10 3116 3116331011,
361105 3 ocho dias, denos 6333 11165, 01105 11135 frequenter. Las
eaxetas ἓ, 3 30 56 6611311 135 061135 ’36 105 juramentos ⁵, 13 110
16113611131110, 10 3116 65 561131 (16 56 31161· 61111116113330 611 6110.

136501165 3116 1163311105, luego 31 0110 dia, 165 hizo 61 Ρ3316
-306111113, y concursio 3 6113 mucha gente, 601110 3 quien 613
36556330; 57 61 dominguo segniente 0163160 611 13 iglesia maior,
13111016116011 mucha 531151361011 y alegria (161 0116010, 61 (11131
,53113 31303330 3 Dios por 165 31161· 31161130 1011131 3 601150131-
6011 doctrina 1311 5311613 57 1311 0116113.

Το30 6516 11611100, 113513 61 313 36 111165113 Seffora 36 13
Α5511111011011, 11111111105 1111161135 6031655101165; 650661311116111613 015-
0613 36 111165113 Seffora 6511111111105 611 13 1316513 113513 36501165
36 135 11116116 110135 36 13 1106116, 0013116 31113 061301165 611 6113, y
16111311105 mucha gente, por no 13 365601150131; 57 31111, (16501165
(1116 1757116 3 6353, 057 305 1101110165, 57 057613 11135, 557110 001 110
31761 162330 110113 111 01506135.

Τ311101611 fuimos 31 65111310 36 grammatica que aqui 357 113
1130131 3 105 6511131311165, 0313 3116 56 3031·61355611 10305 0313 56
confessas para 61 dia 36 111165113 Seffora, 57 165 5113310 61 Ρ3316
3116 36 3111336131116 10 111Ζ1655611 1311101611 6333 11165, 601110 10
1136611 105 6511131311165 357 611 Ε11013 611 61 collegio 36 13 Compa-

 

¹ Id 651, albric-ias: latine, infra, nuncii praemia.
2 Cajitas, latine capsulae.
³ Vide supra. t. 11, pag. 614.

