AN. 1556 471

lagrimas se quexaua 06 13 persona 0116 10 31113 113100, 11010116
11111600 311165 110 16 auia dado 3 601105661 131110 165010 601110 613
6516 (0116 351 10 06213 61). 0113 persona 06 13 111651113 manera 06-
213 11111600 11131 061 P. Ramire2‚ y aun 611 13 111651113 iglesia
(101106 auia 06 predicar, alta uoce dezia mil males 061, y aun
refiya 6011 105 0116 10 quen-ian deffender: en 11161100 31 Ρ3016 611
61 1111111110, 311165 0116 6111165366 3 111601631, 61111650 3101131, y
11111163 11310 611 1000 61 661111011 6011 1165 111115115111105 y 5010531100
1101· 31161· 11610100 tanto 116111110 5111 3116116 0100, 11010116 1111116310
31113 0100.

Α1113 1111 00111016 06 1311 1113113 concientia, (1116 5115 06161165
61311 1113131 3 111105 y 116111 3 01105, 06 131 manera, 0116 613 1116-
010 1101 001106105 1101110165 56 uengauan (16 105 0116 165 3111311
066110 algun 11131, 03110016 1111 tanto: 0301016 1111 0611113110, y fu&
131113 13 111111361011 06 301161110111016, 0116 065111165 56 confes& muy
3 1116111100; y 16 36011165610 0116 1111 6011113110 51110 16 01Χο muy
malas 113130135, y 31111 16 011150 031 601113 spada: 61 5161111116 63-
1131100, y 611 10111161101 6011056161100 0116 1116165613 11111600 11135; y
065111165 10111016 61 Gouernador 31 contrario por 30116110, y 61
111651110 fu& 3 supplicas 31 601161113οο1· 10 536356 06 13 631561, y
10031113 11615611613.

Α1113 1111 6311311610, 61 01131 56 31113 iugado 1165 11111 01163005,
y 065111165, (16 3001656100, 56 0116113 11, 5111 1311135 0011161 3 Va-
1611613, 06 001106 613; 11301016 1111 0611113110, y 011600 1311 quieto,
y 11161311 1110111οο, 0116 56 60110650 algunas 116265, y 1110106110 (16
0326110 1111161135 11135, y 56 06Χο 611 11131105 06 301161 hermano
11313 0116 01500516556 06 5115 60535 601110 16 113165616556, 0116 611
1000 56111113 511 010611, y 351 56 113 todo 3000300.

Auia un 00111016, 6101131 513113 313 111116116 y 10031113 00511-
11300 611 11113 111313 intention, 1101 13 01131, 51 1111111613, 56 fuera 31
111116111οῑ 11161011 1111161105 113 03013116, 03110016 3 6111611061 06
601110 513113 611 1166300 11101131, y que 51 56 1110113 56 1113 31 111-
1161110. Respondia 0116 110 56 16 03113 11303 06 1156 31 1111161110.
Fueron 3113 005 06 6353 y 0116001311 6111111111111100, 011611120 1000
10 0116 105 1130165 (16 635316 601156131011. Vn 6311311610 1113116600,
muy 11116510 61113. gloria del mundo, como 0111116556 16660100 11113
iniuria 06 11110, 0106110 06 111313116. Η301016 1111 133016, y 116100110
13 111111113.

Α1113 11113 muger, 13 qual, como 1111116556 6110105 6011 511 1113-

