AN. 1556 101

:alli tractando si 0011110 001 110 51 0513113 firme el 511010, ό 51 113-
11113 1000, 00213 01 0110 110 1131113 1000; 0111010 510 111111311001110 0110
10 11105οε 110 10 ube dicho, 01131100 50 11110 11101100 0011110 001 110
0310300 y 001110 50 0513113; y 51 110 0110 10 11120 53111, 3111 10 311-
-daba probando todo, 511131113 1000 0 110. Αο3050101110 13111111οη
1111 013 0011 1111 hermano 00 0353, 0110 011 01 mundo 013 535110, 51
303 011 0353 110110 01 111051110 officio 00 10111011031 135 101135 00105
110111131105, 0110 10 0001111311105 011 110 50 0110 0053, 0110 013 fuera
-00 511 officio, 13 01131 13 303110 351 001110 01 501 50 1101113. Vinome
111000 3 00211 51 yria 3 00501; 01ΧοΙο 0110 50 111050 3105 0011000-
105 3 1135031, 011011011οο 00211 0110 513 1101 30110113 1100110 110 00-
51050, 11010110 501011105 110501105 011 30110113 11013 53111 3 105 00-
11000105 3 10010301011. Y 01 hermano 10111010 1311 (10 110135, 0110
3000110010, y 10005 50 10000101011 3 5115 031113135, 51 005111105 10-
031011 3 1110011301011 y 10005 0511111111105 3113 11113 hora: 005111105
11311131011 3 001131 51 01 5101111110 50 5111110 1135031100 011 105 00110-
00105, 113513 0110 105 1001010105, 11101100 0110 110 1131113 51300 3 13
1111111013 111053, 1111101113 3 13 500111103, 111 10 11311311311 011 511 03-
111313, 111 1101 0353, 11010110 051311311 bien 00500103005 0110 011
30110113 11013, 1132101100 1111011 frio, 010510111050 31 501011οῑ 51 351
me 10 1111110100 3 00211 0110 110 10 11311311311; y 30010311001110 0110
10 1131113 010110, 311105 0110 3000110010550, 0110 50 111050 3 1135031
3 105 0011000105, 01Χο 0110 11105011 3 1101 51 10 1131131311 3113, 51 113·
1131011Ιο 11350300050 011 105 0011000105 01111300 01 11011010; 51 pre-
0111110Ιο 0110 1101· 0110 1131113 51300 3111 131110 11011111οῑ 01Χο 0110 510
50 10 1131113 1113110300. Pregsmtole 0110 0110 1131113 1100110 011 13111οῑ
01Χο 0110 5101111110 50 1131113 11350300 1023110ος y 0110 01131100 10-
caron 3 1110011301011, 0110 111110 511 1110011301011 113503110050, Ε510
110110 1111151 0011103005 3 10005 105 110111131105. [)1Χο 0110 513 101113
00100103 1003 13 1100110 3 111105110 501101 005131 3111 00 11110113
03113. Ε5 1111151 simple: 3 105 110111131105 105 1131000 0110 110113 01
camino 00 S. Ρ31110 01 511111110. Ε5 1101111551111οῑ 13 11135 1115111 031113
y 11135 11011105 110511005 5011 105 5115105, 51 0011 0510 110110 una
0131100 3100113 0011 1003 1110005113. En tanto 0110 511101 0353 11051
31011110 0110 3 01 10 1131000 0110 110 0513 310010, 1011101100 licencia
-00 1131113110, 0011 11113 511011110ἰο30 00 111001130110 10 113 3 111001111-
131·; “0110 110110, hermano? por 0110 110 0513 31001οΡ ,, Dice 010110
010110 110 1011011105 11111ου113 132011 00 05131 1115105, 11010110 0100
0110 31111 001 111051110 110131 105 11003005 31111311105 00 05131· 310-

